# time 	NO2 	NO2Err 	avgNO2 	averageNO2std
 0.0 	 4.3857 	 0.4377 	10.7526 	 6.8980
 2.0 	 4.5324 	 0.5157 	10.7294 	 6.8808
 4.0 	 4.7581 	 0.5697 	10.6853 	 6.8488
 6.0 	 4.4580 	 0.5145 	10.6244 	 6.8058
 8.0 	 4.2973 	 0.4548 	10.5509 	 6.7562
10.0 	 4.2812 	 0.4728 	10.4689 	 6.7035
12.0 	 4.2191 	 0.5415 	10.3813 	 6.6502
14.0 	 4.1515 	 0.4593 	10.2906 	 6.5977
16.0 	 4.3770 	 0.5211 	10.1990 	 6.5467
18.0 	 4.4308 	 0.5703 	10.1087 	 6.4977
20.0 	 4.1457 	 0.5154 	10.0217 	 6.4518
22.0 	 4.2652 	 0.5082 	 9.9395 	 6.4101
24.0 	 5.0219 	 0.5547 	 9.8623 	 6.3741
26.0 	 5.6421 	 0.5469 	 9.7897 	 6.3451
28.0 	 5.7870 	 0.5022 	 9.7206 	 6.3233
30.0 	 5.6309 	 0.5139 	 9.6539 	 6.3078
32.0 	 4.8354 	 0.5589 	 9.5882 	 6.2957
34.0 	 4.6684 	 0.4425 	 9.5221 	 6.2825
36.0 	 4.3242 	 0.4269 	 9.4545 	 6.2630
38.0 	 4.2696 	 0.5142 	 9.3842 	 6.2328
40.0 	 4.3796 	 0.5325 	 9.3107 	 6.1897
42.0 	 4.4051 	 0.4575 	 9.2343 	 6.1346
44.0 	 4.9036 	 0.5907 	 9.1556 	 6.0711
46.0 	 4.8701 	 0.5823 	 9.0755 	 6.0031
48.0 	 4.9014 	 0.5490 	 8.9943 	 5.9339
50.0 	 4.4742 	 0.5670 	 8.9115 	 5.8644
52.0 	 4.4088 	 0.7176 	 8.8269 	 5.7940
54.0 	 4.3586 	 0.5316 	 8.7404 	 5.7217
56.0 	 4.4316 	 0.4515 	 8.6537 	 5.6484
58.0 	 4.6178 	 0.5634 	 8.5699 	 5.5774
60.0 	 4.5763 	 0.5133 	 8.4939 	 5.5148
62.0 	 4.9011 	 0.5850 	 8.4303 	 5.4670
64.0 	 5.1973 	 0.5586 	 8.3823 	 5.4382
66.0 	 5.3817 	 0.6633 	 8.3498 	 5.4283
68.0 	 4.8031 	 0.6861 	 8.3293 	 5.4323
70.0 	 4.3936 	 0.8637 	 8.3149 	 5.4416
72.0 	 4.4335 	 0.6318 	 8.2999 	 5.4469
74.0 	 4.5981 	 0.5616 	 8.2791 	 5.4411
76.0 	 4.6116 	 0.5043 	 8.2502 	 5.4216
78.0 	 4.6270 	 0.6321 	 8.2145 	 5.3911
80.0 	 4.7738 	 0.5181 	 8.1752 	 5.3561
82.0 	 4.5783 	 0.5316 	 8.1372 	 5.3248
84.0 	 4.6413 	 0.5856 	 8.1048 	 5.3049
86.0 	 4.9555 	 0.5544 	 8.0814 	 5.3008
88.0 	 5.0232 	 0.5547 	 8.0685 	 5.3131
90.0 	 5.1132 	 0.5784 	 8.0658 	 5.3375
92.0 	 5.0728 	 0.6969 	 8.0709 	 5.3667
94.0 	 4.9322 	 0.5136 	 8.0800 	 5.3920
96.0 	 4.9493 	 0.4752 	 8.0884 	 5.4057
98.0 	 5.1872 	 0.4944 	 8.0914 	 5.4031
100.0 	 4.9381 	 0.3822 	 8.0857 	 5.3835
102.0 	 5.1395 	 0.5148 	 8.0701 	 5.3501
104.0 	 5.0580 	 0.5388 	 8.0452 	 5.3084
106.0 	 5.1055 	 0.5571 	 8.0137 	 5.2649
108.0 	 5.1131 	 0.5055 	 7.9792 	 5.2250
110.0 	 5.0828 	 0.5319 	 7.9459 	 5.1924
112.0 	 5.3277 	 0.5982 	 7.9171 	 5.1687
114.0 	 4.8734 	 0.4719 	 7.8947 	 5.1534
116.0 	 4.9332 	 0.5352 	 7.8786 	 5.1448
118.0 	 5.0559 	 0.5937 	 7.8669 	 5.1404
120.0 	 4.9415 	 0.5466 	 7.8569 	 5.1375
122.0 	 4.7244 	 0.4152 	 7.8457 	 5.1341
124.0 	 4.8427 	 0.4587 	 7.8316 	 5.1294
126.0 	 4.7314 	 0.5079 	 7.8144 	 5.1240
128.0 	 4.5950 	 0.4515 	 7.7955 	 5.1202
130.0 	 4.4839 	 0.5136 	 7.7777 	 5.1213
132.0 	 4.6653 	 0.6018 	 7.7636 	 5.1307
134.0 	 4.6198 	 0.5220 	 7.7550 	 5.1502
136.0 	 4.4112 	 0.4410 	 7.7525 	 5.1797
138.0 	 4.4600 	 0.5445 	 7.7545 	 5.2163
140.0 	 4.4049 	 0.5157 	 7.7582 	 5.2545
142.0 	 4.7048 	 0.4332 	 7.7598 	 5.2872
144.0 	 4.6634 	 0.4230 	 7.7551 	 5.3075
146.0 	 4.6731 	 0.4437 	 7.7407 	 5.3094
148.0 	 4.5341 	 0.5151 	 7.7146 	 5.2901
150.0 	 4.5138 	 0.4503 	 7.6769 	 5.2498
152.0 	 4.6344 	 0.5448 	 7.6303 	 5.1925
154.0 	 4.6153 	 0.5055 	 7.5795 	 5.1248
156.0 	 4.6959 	 0.4974 	 7.5306 	 5.0541
158.0 	 4.9382 	 0.5730 	 7.4892 	 4.9873
160.0 	 4.9155 	 0.5337 	 7.4593 	 4.9289
162.0 	 4.8816 	 0.4860 	 7.4422 	 4.8808
164.0 	 4.7050 	 0.4365 	 7.4366 	 4.8421
166.0 	 4.8626 	 0.4839 	 7.4393 	 4.8106
168.0 	 4.7027 	 0.4368 	 7.4466 	 4.7838
170.0 	 5.0841 	 0.5247 	 7.4551 	 4.7592
172.0 	 5.2826 	 0.5529 	 7.4625 	 4.7353
174.0 	 5.1218 	 0.5562 	 7.4675 	 4.7114
176.0 	 5.1788 	 0.5604 	 7.4695 	 4.6874
178.0 	 5.1756 	 0.5547 	 7.4678 	 4.6629
180.0 	 4.6705 	 0.5283 	 7.4612 	 4.6371
182.0 	 4.7117 	 0.5433 	 7.4485 	 4.6093
184.0 	 4.7452 	 0.5745 	 7.4289 	 4.5786
186.0 	 4.7483 	 0.4338 	 7.4020 	 4.5448
188.0 	 4.8454 	 0.4572 	 7.3687 	 4.5086
190.0 	 4.9250 	 0.4836 	 7.3306 	 4.4708
192.0 	 4.6521 	 0.5304 	 7.2900 	 4.4324
194.0 	 4.3307 	 0.5298 	 7.2492 	 4.3940
196.0 	 4.3309 	 0.5574 	 7.2099 	 4.3559
198.0 	 4.4954 	 0.7269 	 7.1737 	 4.3184
200.0 	 4.3089 	 0.5643 	 7.1410 	 4.2821
202.0 	 4.2777 	 0.5697 	 7.1125 	 4.2479
204.0 	 4.1961 	 0.5682 	 7.0882 	 4.2164
206.0 	 4.2742 	 0.6120 	 7.0682 	 4.1876
208.0 	 4.7549 	 0.4596 	 7.0527 	 4.1606
210.0 	 4.6300 	 0.4728 	 7.0418 	 4.1345
212.0 	 4.8220 	 0.5220 	 7.0359 	 4.1084
214.0 	 4.7782 	 0.4581 	 7.0360 	 4.0829
216.0 	 4.8232 	 0.5724 	 7.0433 	 4.0592
218.0 	 4.8000 	 0.6135 	 7.0590 	 4.0394
220.0 	 4.7490 	 0.5604 	 7.0836 	 4.0250
222.0 	 4.7457 	 0.4671 	 7.1163 	 4.0167
224.0 	 4.6818 	 0.5688 	 7.1549 	 4.0141
226.0 	 5.1636 	 0.5817 	 7.1960 	 4.0162
228.0 	 5.4251 	 0.5544 	 7.2361 	 4.0218
230.0 	 5.5157 	 0.6126 	 7.2724 	 4.0306
232.0 	 5.5491 	 0.5736 	 7.3031 	 4.0430
234.0 	 5.3123 	 0.5760 	 7.3283 	 4.0600
236.0 	 5.3951 	 0.5376 	 7.3487 	 4.0822
238.0 	 5.8227 	 0.5892 	 7.3659 	 4.1096
240.0 	 5.8754 	 0.6000 	 7.3816 	 4.1409
242.0 	 6.1434 	 0.5532 	 7.3976 	 4.1740
244.0 	 6.2452 	 0.5121 	 7.4155 	 4.2062
246.0 	 6.4210 	 0.5679 	 7.4369 	 4.2350
248.0 	 6.2667 	 0.5700 	 7.4626 	 4.2582
250.0 	 6.3227 	 0.4959 	 7.4927 	 4.2750
252.0 	 6.6578 	 0.5715 	 7.5267 	 4.2855
254.0 	 6.8035 	 0.4911 	 7.5636 	 4.2916
256.0 	 7.0047 	 0.5055 	 7.6025 	 4.2960
258.0 	 7.0375 	 0.4941 	 7.6422 	 4.3016
260.0 	 7.2156 	 0.5325 	 7.6811 	 4.3100
262.0 	 7.4159 	 0.5880 	 7.7168 	 4.3209
264.0 	 7.3901 	 0.7059 	 7.7470 	 4.3313
266.0 	 7.5960 	 0.5604 	 7.7694 	 4.3369
268.0 	 7.3830 	 0.5862 	 7.7833 	 4.3326
270.0 	 7.4722 	 0.6327 	 7.7897 	 4.3149
272.0 	 7.2790 	 0.6252 	 7.7911 	 4.2827
274.0 	 7.3507 	 0.6393 	 7.7913 	 4.2379
276.0 	 7.5828 	 0.5802 	 7.7947 	 4.1855
278.0 	 7.8635 	 0.6051 	 7.8060 	 4.1322
280.0 	 7.5836 	 0.5346 	 7.8299 	 4.0855
282.0 	 7.6156 	 0.5148 	 7.8699 	 4.0511
284.0 	 8.0588 	 0.5889 	 7.9277 	 4.0315
286.0 	 8.2451 	 0.6408 	 8.0021 	 4.0251
288.0 	 8.5518 	 0.6432 	 8.0890 	 4.0274
290.0 	 8.7827 	 0.6291 	 8.1828 	 4.0330
292.0 	 9.1416 	 0.6801 	 8.2779 	 4.0379
294.0 	 8.6812 	 0.5673 	 8.3702 	 4.0409
296.0 	 9.2192 	 0.6084 	 8.4577 	 4.0434
298.0 	 9.9322 	 0.6567 	 8.5401 	 4.0473
300.0 	10.1236 	 0.6696 	 8.6176 	 4.0535
302.0 	10.0634 	 0.6408 	 8.6902 	 4.0608
304.0 	10.3673 	 0.6420 	 8.7578 	 4.0668
306.0 	10.7086 	 0.6354 	 8.8201 	 4.0690
308.0 	10.2633 	 0.6426 	 8.8780 	 4.0663
310.0 	10.5604 	 0.5667 	 8.9327 	 4.0595
312.0 	10.9436 	 0.5802 	 8.9860 	 4.0507
314.0 	10.9020 	 0.5868 	 9.0392 	 4.0424
316.0 	10.5699 	 0.5820 	 9.0932 	 4.0368
318.0 	10.6270 	 0.5283 	 9.1490 	 4.0356
320.0 	10.7874 	 0.6618 	 9.2082 	 4.0404
322.0 	10.7911 	 0.6612 	 9.2738 	 4.0529
324.0 	10.8624 	 0.6360 	 9.3492 	 4.0744
326.0 	11.1387 	 0.6165 	 9.4374 	 4.1053
328.0 	11.1530 	 0.6258 	 9.5401 	 4.1450
330.0 	12.3884 	 0.7191 	 9.6562 	 4.1916
332.0 	12.3037 	 0.6810 	 9.7830 	 4.2431
334.0 	12.8359 	 0.6516 	 9.9162 	 4.2975
336.0 	13.0423 	 0.6729 	10.0522 	 4.3540
338.0 	13.2243 	 0.5943 	10.1885 	 4.4132
340.0 	13.6471 	 0.6648 	10.3247 	 4.4770
342.0 	13.8776 	 0.6459 	10.4626 	 4.5477
344.0 	13.3736 	 0.6768 	10.6051 	 4.6276
346.0 	14.4717 	 0.6174 	10.7549 	 4.7177
348.0 	14.2759 	 0.6888 	10.9140 	 4.8172
350.0 	14.8271 	 0.6657 	11.0824 	 4.9230
352.0 	15.9822 	 0.6813 	11.2581 	 5.0308
354.0 	15.7133 	 0.6726 	11.4379 	 5.1353
356.0 	16.3364 	 0.6585 	11.6178 	 5.2321
358.0 	16.8355 	 0.6030 	11.7936 	 5.3179
360.0 	16.4736 	 0.6342 	11.9615 	 5.3913
362.0 	16.3554 	 0.7056 	12.1181 	 5.4530
364.0 	16.4373 	 0.7545 	12.2610 	 5.5053
366.0 	17.0014 	 0.7161 	12.3892 	 5.5516
368.0 	16.8390 	 0.7056 	12.5040 	 5.5959
370.0 	17.2037 	 0.7488 	12.6089 	 5.6415
372.0 	17.6154 	 0.6207 	12.7101 	 5.6906
374.0 	17.8432 	 0.7617 	12.8150 	 5.7440
376.0 	18.0307 	 0.8049 	12.9309 	 5.8013
378.0 	18.5539 	 0.7440 	13.0637 	 5.8621
380.0 	18.5017 	 0.8895 	13.2168 	 5.9266
382.0 	17.8942 	 0.7641 	13.3903 	 5.9960
384.0 	18.9104 	 0.8019 	13.5816 	 6.0719
386.0 	19.1728 	 0.7833 	13.7864 	 6.1557
388.0 	19.8539 	 0.7683 	14.0000 	 6.2474
390.0 	21.8122 	 0.6519 	14.2187 	 6.3450
392.0 	21.9002 	 0.6291 	14.4401 	 6.4449
394.0 	22.1673 	 0.6447 	14.6629 	 6.5429
396.0 	22.1671 	 0.6234 	14.8858 	 6.6354
398.0 	21.6592 	 0.6270 	15.1069 	 6.7199
400.0 	23.0233 	 0.7965 	15.3232 	 6.7958
402.0 	24.2071 	 1.0596 	15.5307 	 6.8636
404.0 	25.0292 	 1.1505 	15.7260 	 6.9250
406.0 	28.1954 	 0.8928 	15.9069 	 6.9813
408.0 	27.9463 	 1.2393 	16.0735 	 7.0334
410.0 	26.9099 	 1.0836 	16.2275 	 7.0812
412.0 	27.3608 	 0.9792 	16.3717 	 7.1235
414.0 	27.5742 	 1.1667 	16.5095 	 7.1587
416.0 	27.2162 	 1.2162 	16.6440 	 7.1855
418.0 	26.0845 	 1.1781 	16.7774 	 7.2037
420.0 	24.7000 	 1.1937 	16.9114 	 7.2150
422.0 	24.8224 	 1.3218 	17.0464 	 7.2223
424.0 	24.6334 	 1.1487 	17.1820 	 7.2301
426.0 	22.6821 	 1.1373 	17.3169 	 7.2434
428.0 	21.8551 	 1.2675 	17.4504 	 7.2674
430.0 	20.8533 	 1.0338 	17.5834 	 7.3069
432.0 	20.4401 	 1.6668 	17.7182 	 7.3648
434.0 	19.3690 	 1.3779 	17.8586 	 7.4411
436.0 	18.5502 	 1.6728 	18.0075 	 7.5319
438.0 	18.8642 	 1.0593 	18.1650 	 7.6288
440.0 	17.2477 	 1.1046 	18.3271 	 7.7203
442.0 	17.3322 	 1.2741 	18.4854 	 7.7937
444.0 	18.9490 	 1.2381 	18.6293 	 7.8385
446.0 	20.3405 	 1.5900 	18.7482 	 7.8485
448.0 	19.0442 	 1.3002 	18.8345 	 7.8238
450.0 	18.1879 	 1.0290 	18.8861 	 7.7709
452.0 	19.2264 	 1.1145 	18.9066 	 7.7013
454.0 	21.4772 	 1.1898 	18.9044 	 7.6283
456.0 	20.6718 	 1.7274 	18.8902 	 7.5647
458.0 	20.2408 	 2.5626 	18.8738 	 7.5201
460.0 	21.2562 	 1.3290 	18.8618 	 7.4992
462.0 	23.0550 	 1.2657 	18.8565 	 7.5025
464.0 	24.4797 	 1.3248 	18.8561 	 7.5268
466.0 	25.7649 	 1.0404 	18.8561 	 7.5674
468.0 	26.1903 	 1.0965 	18.8512 	 7.6197
470.0 	27.4058 	 1.1094 	18.8365 	 7.6800
472.0 	28.7020 	 1.2249 	18.8091 	 7.7468
474.0 	27.1799 	 1.2660 	18.7680 	 7.8193
476.0 	28.0797 	 1.3848 	18.7137 	 7.8964
478.0 	28.1397 	 1.4613 	18.6476 	 7.9759
480.0 	28.4425 	 1.3116 	18.5705 	 8.0536
482.0 	29.0776 	 1.5012 	18.4833 	 8.1243
484.0 	28.5538 	 1.9188 	18.3859 	 8.1828
486.0 	28.1722 	 2.5446 	18.2784 	 8.2248
488.0 	26.6647 	 1.7472 	18.1613 	 8.2480
490.0 	26.0774 	 2.1468 	18.0361 	 8.2523
492.0 	26.0927 	 1.1148 	17.9061 	 8.2401
494.0 	26.4392 	 1.1448 	17.7769 	 8.2161
496.0 	26.1329 	 0.9678 	17.6555 	 8.1871
498.0 	25.8981 	 1.0812 	17.5482 	 8.1599
500.0 	25.1008 	 1.0815 	17.4583 	 8.1394
502.0 	22.2428 	 1.5510 	17.3832 	 8.1268
504.0 	21.8132 	 1.6134 	17.3145 	 8.1193
506.0 	23.9171 	 0.9597 	17.2403 	 8.1119
508.0 	25.0208 	 0.9060 	17.1498 	 8.1000
510.0 	26.0987 	 1.6164 	17.0373 	 8.0816
512.0 	25.8953 	 1.3758 	16.9045 	 8.0579
514.0 	23.9726 	 1.2597 	16.7597 	 8.0325
516.0 	22.6904 	 0.8517 	16.6143 	 8.0092
518.0 	21.4245 	 0.9543 	16.4786 	 7.9902
520.0 	20.7719 	 1.0389 	16.3591 	 7.9759
522.0 	20.7394 	 1.0818 	16.2573 	 7.9655
524.0 	    nan 	    nan 	16.1703 	 7.9571
526.0 	19.6791 	 0.6795 	16.0934 	 7.9493
528.0 	18.8763 	 0.6024 	16.0214 	 7.9404
530.0 	17.5895 	 0.5799 	15.9503 	 7.9289
532.0 	17.7114 	 0.6018 	15.8778 	 7.9133
534.0 	18.0860 	 0.7209 	15.8030 	 7.8930
536.0 	18.8560 	 0.8040 	15.7266 	 7.8689
538.0 	19.1389 	 0.8232 	15.6498 	 7.8436
540.0 	18.9663 	 0.5946 	15.5742 	 7.8212
542.0 	16.5322 	 0.6303 	15.5012 	 7.8070
544.0 	16.7547 	 0.7428 	15.4321 	 7.8069
546.0 	15.0596 	 0.6537 	15.3677 	 7.8257
548.0 	15.4212 	 0.7974 	15.3087 	 7.8664
550.0 	16.0556 	 0.6303 	15.2547 	 7.9281
552.0 	15.6456 	 0.6603 	15.2034 	 8.0055
554.0 	15.6380 	 0.6252 	15.1503 	 8.0886
556.0 	16.2296 	 0.6303 	15.0886 	 8.1647
558.0 	16.4744 	 0.6360 	15.0118 	 8.2215
560.0 	16.1935 	 0.7881 	14.9149 	 8.2498
562.0 	15.2051 	 0.7521 	14.7970 	 8.2459
564.0 	15.6192 	 0.7110 	14.6609 	 8.2115
566.0 	16.1361 	 0.6951 	14.5119 	 8.1527
568.0 	15.7616 	 0.5958 	14.3556 	 8.0773
570.0 	14.8560 	 0.5973 	14.1971 	 7.9927
572.0 	14.6785 	 0.6324 	14.0410 	 7.9047
574.0 	13.9956 	 0.6726 	13.8920 	 7.8170
576.0 	13.7702 	 0.6981 	13.7555 	 7.7320
578.0 	12.4544 	 0.6825 	13.6369 	 7.6515
580.0 	12.3990 	 0.5676 	13.5401 	 7.5775
582.0 	14.1365 	 0.6132 	13.4659 	 7.5116
584.0 	15.3012 	 0.6300 	13.4110 	 7.4543
586.0 	13.6407 	 0.5793 	13.3677 	 7.4038
588.0 	11.7012 	 0.5853 	13.3255 	 7.3556
590.0 	11.2477 	 0.6267 	13.2734 	 7.3042
592.0 	11.2429 	 0.6417 	13.2028 	 7.2450
594.0 	12.0443 	 0.5883 	13.1110 	 7.1770
596.0 	13.3850 	 0.6780 	13.0018 	 7.1040
598.0 	13.0007 	 0.6345 	12.8862 	 7.0338
600.0 	12.0698 	 0.6741 	12.7787 	 6.9763
602.0 	12.6632 	 0.6897 	12.6935 	 6.9396
604.0 	11.7379 	 0.6651 	12.6406 	 6.9288
606.0 	11.4314 	 0.6711 	12.6227 	 6.9439
608.0 	12.5613 	 0.5550 	12.6354 	 6.9805
610.0 	13.3476 	 0.7446 	12.6692 	 7.0311
612.0 	10.9943 	 0.7479 	12.7121 	 7.0865
614.0 	10.9197 	 0.6567 	12.7519 	 7.1378
616.0 	11.4145 	 0.8556 	12.7780 	 7.1772
618.0 	11.8655 	 0.5355 	12.7825 	 7.1995
620.0 	12.2251 	 0.6063 	12.7615 	 7.2029
622.0 	12.3506 	 0.6360 	12.7148 	 7.1884
624.0 	11.1001 	 0.6843 	12.6460 	 7.1593
626.0 	10.6348 	 0.6219 	12.5603 	 7.1192
628.0 	10.9169 	 0.6123 	12.4622 	 7.0701
630.0 	11.3046 	 0.5460 	12.3548 	 7.0117
632.0 	10.4316 	 0.5826 	12.2390 	 6.9419
634.0 	 9.9570 	 0.5634 	12.1160 	 6.8586
636.0 	10.2255 	 0.5544 	11.9881 	 6.7619
638.0 	 9.5491 	 0.5646 	11.8596 	 6.6548
640.0 	 7.9733 	 0.5724 	11.7350 	 6.5431
642.0 	 7.5438 	 0.6849 	11.6175 	 6.4329
644.0 	 7.5795 	 0.7362 	11.5081 	 6.3295
646.0 	 7.3039 	 0.6567 	11.4056 	 6.2357
648.0 	 7.9399 	 0.6123 	11.3088 	 6.1520
650.0 	 8.2753 	 0.5685 	11.2177 	 6.0775
652.0 	 8.3994 	 0.6696 	11.1343 	 6.0102
654.0 	 8.4253 	 0.5937 	11.0612 	 5.9483
656.0 	 8.6760 	 0.5913 	11.0004 	 5.8898
658.0 	 7.8325 	 0.6195 	10.9515 	 5.8336
660.0 	 6.8034 	 0.8247 	10.9112 	 5.7791
662.0 	 6.4091 	 0.7929 	10.8743 	 5.7263
664.0 	 6.7720 	 0.7419 	10.8345 	 5.6753
666.0 	 7.9636 	 0.6753 	10.7858 	 5.6264
668.0 	 6.9269 	 0.7002 	10.7236 	 5.5793
670.0 	 7.6306 	 1.0317 	10.6451 	 5.5335
672.0 	 7.0575 	 0.6498 	10.5498 	 5.4879
674.0 	 7.9779 	 0.6189 	10.4391 	 5.4417
676.0 	 7.4949 	 0.6081 	10.3162 	 5.3945
678.0 	 7.5941 	 0.5679 	10.1855 	 5.3464
680.0 	 6.3411 	 0.5862 	10.0522 	 5.2981
682.0 	 8.6711 	 0.5505 	 9.9210 	 5.2507
684.0 	 7.2941 	 0.5808 	 9.7962 	 5.2061
686.0 	 6.1676 	 0.6030 	 9.6811 	 5.1660
688.0 	 6.2163 	 0.6069 	 9.5781 	 5.1324
690.0 	 6.9563 	 0.6195 	 9.4887 	 5.1068
692.0 	 6.7438 	 0.5766 	 9.4135 	 5.0902
694.0 	 6.0373 	 0.6354 	 9.3523 	 5.0820
696.0 	 6.9998 	 0.5289 	 9.3039 	 5.0806
698.0 	 5.9518 	 0.5499 	 9.2672 	 5.0828
700.0 	 6.9945 	 0.5697 	 9.2410 	 5.0852
702.0 	 7.6377 	 0.6396 	 9.2250 	 5.0858
704.0 	    nan 	    nan 	 9.2191 	 5.0846
706.0 	    nan 	    nan 	 9.2230 	 5.0853
708.0 	    nan 	    nan 	 9.2358 	 5.0938
710.0 	    nan 	    nan 	 9.2553 	 5.1162
712.0 	    nan 	    nan 	 9.2792 	 5.1564
714.0 	    nan 	    nan 	 9.3055 	 5.2142
716.0 	    nan 	    nan 	 9.3337 	 5.2850
718.0 	    nan 	    nan 	 9.3642 	 5.3613
720.0 	    nan 	    nan 	 9.3975 	 5.4349
722.0 	    nan 	    nan 	 9.4331 	 5.4995
724.0 	    nan 	    nan 	 9.4686 	 5.5514
726.0 	    nan 	    nan 	 9.4997 	 5.5904
728.0 	    nan 	    nan 	 9.5223 	 5.6183
730.0 	    nan 	    nan 	 9.5331 	 5.6385
732.0 	 4.5571 	 0.3336 	 9.5313 	 5.6550
734.0 	 4.3963 	 0.3153 	 9.5179 	 5.6711
736.0 	 4.2571 	 0.4581 	 9.4953 	 5.6892
738.0 	 5.0530 	 0.3861 	 9.4657 	 5.7098
740.0 	 4.6358 	 0.4233 	 9.4306 	 5.7314
742.0 	 4.6371 	 0.3048 	 9.3904 	 5.7507
744.0 	 3.9785 	 0.2958 	 9.3450 	 5.7642
746.0 	 4.7100 	 0.7251 	 9.2945 	 5.7691
748.0 	 3.4981 	 0.4920 	 9.2396 	 5.7648
750.0 	 3.6548 	 0.5139 	 9.1817 	 5.7526
752.0 	 5.5272 	 0.5406 	 9.1229 	 5.7360
754.0 	 4.6375 	 0.5457 	 9.0657 	 5.7189
756.0 	 3.7163 	 0.5235 	 9.0131 	 5.7048
758.0 	 3.7798 	 0.5412 	 8.9678 	 5.6957
760.0 	 3.0381 	 0.4758 	 8.9322 	 5.6923
762.0 	 3.5734 	 0.4821 	 8.9077 	 5.6941
764.0 	 4.4949 	 0.5085 	 8.8940 	 5.6996
766.0 	 5.9201 	 0.4443 	 8.8896 	 5.7077
768.0 	 5.8439 	 0.4290 	 8.8918 	 5.7174
770.0 	 6.6978 	 0.5796 	 8.8974 	 5.7285
772.0 	 7.9795 	 0.6807 	 8.9038 	 5.7417
774.0 	 4.4558 	 0.5424 	 8.9091 	 5.7583
776.0 	 3.4555 	 0.5301 	 8.9133 	 5.7796
778.0 	 4.0267 	 0.5787 	 8.9172 	 5.8060
780.0 	 4.6276 	 0.5253 	 8.9225 	 5.8363
782.0 	 3.7888 	 0.6231 	 8.9298 	 5.8677
784.0 	 4.0369 	 0.6027 	 8.9388 	 5.8964
786.0 	 2.7604 	 0.7458 	 8.9470 	 5.9181
788.0 	 2.8791 	 0.6024 	 8.9508 	 5.9297
790.0 	 2.9035 	 0.6219 	 8.9466 	 5.9296
792.0 	 4.3905 	 0.5277 	 8.9312 	 5.9178
794.0 	 4.5889 	 0.4413 	 8.9038 	 5.8958
796.0 	 3.4495 	 0.4683 	 8.8662 	 5.8660
798.0 	 4.1241 	 0.6126 	 8.8232 	 5.8316
800.0 	 3.8994 	 0.6090 	 8.7811 	 5.7956
802.0 	 4.0811 	 0.5445 	 8.7463 	 5.7608
804.0 	 3.7703 	 0.6624 	 8.7225 	 5.7291
806.0 	 3.7521 	 0.6942 	 8.7099 	 5.7014
808.0 	 4.0236 	 0.5460 	 8.7049 	 5.6768
810.0 	 3.6798 	 0.5442 	 8.7016 	 5.6538
812.0 	 3.3009 	 0.6180 	 8.6948 	 5.6306
814.0 	 3.8567 	 0.5670 	 8.6809 	 5.6058
816.0 	 3.8643 	 0.4026 	 8.6592 	 5.5790
818.0 	 4.7442 	 0.5148 	 8.6312 	 5.5505
820.0 	 4.7467 	 0.4644 	 8.5999 	 5.5219
822.0 	 5.2765 	 0.4479 	 8.5690 	 5.4944
824.0 	 6.6857 	 0.4602 	 8.5430 	 5.4695
826.0 	 4.9520 	 0.5229 	 8.5262 	 5.4481
828.0 	 4.3539 	 0.5007 	 8.5225 	 5.4310
830.0 	 3.8845 	 0.4647 	 8.5340 	 5.4183
832.0 	 4.7154 	 0.5103 	 8.5601 	 5.4101
834.0 	 5.5967 	 0.5196 	 8.5966 	 5.4057
836.0 	 4.2018 	 0.5511 	 8.6371 	 5.4036
838.0 	 4.4910 	 0.5040 	 8.6742 	 5.4017
840.0 	 4.2723 	 0.4746 	 8.7024 	 5.3979
842.0 	 3.7215 	 0.4602 	 8.7194 	 5.3907
844.0 	 3.0553 	 0.4680 	 8.7269 	 5.3800
846.0 	 3.7384 	 0.5631 	 8.7296 	 5.3672
848.0 	 3.7609 	 0.5307 	 8.7329 	 5.3542
850.0 	 4.1354 	 0.5259 	 8.7407 	 5.3433
852.0 	 5.6488 	 0.5175 	 8.7544 	 5.3359
854.0 	 5.0106 	 0.5037 	 8.7726 	 5.3327
856.0 	 4.4756 	 0.6087 	 8.7930 	 5.3343
858.0 	 4.0380 	 0.6225 	 8.8129 	 5.3419
860.0 	 4.7888 	 0.6141 	 8.8299 	 5.3568
862.0 	 5.0042 	 0.5760 	 8.8426 	 5.3798
864.0 	 5.4952 	 0.6039 	 8.8495 	 5.4099
866.0 	 6.7737 	 0.5193 	 8.8501 	 5.4443
868.0 	 5.9127 	 0.5481 	 8.8447 	 5.4786
870.0 	 4.5643 	 0.4875 	 8.8355 	 5.5088
872.0 	 4.8054 	 0.5109 	 8.8267 	 5.5326
874.0 	 4.2159 	 0.5010 	 8.8231 	 5.5508
876.0 	 4.7114 	 0.4581 	 8.8292 	 5.5660
878.0 	 5.1963 	 0.5094 	 8.8474 	 5.5812
880.0 	 4.0153 	 0.5691 	 8.8765 	 5.5979
882.0 	 4.1428 	 0.5271 	 8.9125 	 5.6154
884.0 	 4.2564 	 0.5958 	 8.9497 	 5.6316
886.0 	 3.8627 	 0.5511 	 8.9822 	 5.6448
888.0 	 4.2192 	 0.7701 	 9.0064 	 5.6551
890.0 	 5.9052 	 0.9174 	 9.0209 	 5.6649
892.0 	 5.5142 	 0.6009 	 9.0274 	 5.6780
894.0 	 4.6713 	 0.7887 	 9.0292 	 5.6983
896.0 	 7.3823 	 0.7443 	 9.0303 	 5.7279
898.0 	 8.2916 	 0.7740 	 9.0342 	 5.7665
900.0 	 6.7568 	 0.7740 	 9.0436 	 5.8121
902.0 	 6.6776 	 1.3041 	 9.0597 	 5.8610
904.0 	 6.1956 	 0.7986 	 9.0824 	 5.9097
906.0 	 4.1043 	 0.5844 	 9.1108 	 5.9549
908.0 	 3.9135 	 0.6678 	 9.1432 	 5.9949
910.0 	 4.5709 	 0.5781 	 9.1776 	 6.0288
912.0 	 4.3508 	 0.7038 	 9.2126 	 6.0575
914.0 	 3.4137 	 0.7719 	 9.2466 	 6.0825
916.0 	 3.0562 	 1.1091 	 9.2785 	 6.1053
918.0 	 4.4187 	 0.6777 	 9.3069 	 6.1269
920.0 	 3.9037 	 0.6633 	 9.3304 	 6.1465
922.0 	 4.3957 	 0.7749 	 9.3480 	 6.1624
924.0 	 4.5891 	 0.8208 	 9.3598 	 6.1725
926.0 	 5.4723 	 0.5901 	 9.3676 	 6.1756
928.0 	 4.8224 	 0.6729 	 9.3746 	 6.1721
930.0 	 3.4550 	 0.9168 	 9.3841 	 6.1640
932.0 	 4.6667 	 0.5139 	 9.3984 	 6.1543
934.0 	 5.6779 	 0.8241 	 9.4183 	 6.1466
936.0 	 5.0065 	 0.9000 	 9.4431 	 6.1446
938.0 	 4.6690 	 0.9009 	 9.4713 	 6.1521
940.0 	 3.8218 	 0.7188 	 9.5015 	 6.1719
942.0 	 4.8365 	 0.6873 	 9.5323 	 6.2054
944.0 	 5.0400 	 0.6438 	 9.5630 	 6.2521
946.0 	 4.1491 	 0.5481 	 9.5943 	 6.3100
948.0 	 5.6003 	 0.7431 	 9.6280 	 6.3768
950.0 	 7.2074 	 0.6882 	 9.6677 	 6.4510
952.0 	 4.6958 	 1.0929 	 9.7172 	 6.5323
954.0 	 4.8431 	 0.7470 	 9.7789 	 6.6205
956.0 	 5.5550 	 0.8103 	 9.8524 	 6.7144
958.0 	 5.2609 	 0.9456 	 9.9348 	 6.8113
960.0 	 7.3063 	 0.6531 	10.0209 	 6.9067
962.0 	 7.5435 	 0.6201 	10.1054 	 6.9954
964.0 	 5.9163 	 0.6609 	10.1841 	 7.0721
966.0 	 4.7086 	 1.0902 	10.2538 	 7.1319
968.0 	 5.2023 	 0.7662 	10.3127 	 7.1715
970.0 	 5.5507 	 0.5175 	10.3598 	 7.1898
972.0 	 8.4904 	 0.5103 	10.3951 	 7.1889
974.0 	 4.9577 	 1.1094 	10.4195 	 7.1740
976.0 	 5.6386 	 0.8877 	10.4344 	 7.1524
978.0 	 8.3561 	 0.8430 	10.4408 	 7.1314
980.0 	 7.5583 	 1.0902 	10.4396 	 7.1149
982.0 	 8.0859 	 0.6996 	10.4308 	 7.1027
984.0 	 5.9778 	 0.8967 	10.4146 	 7.0907
986.0 	 7.6246 	 0.5691 	10.3923 	 7.0733
988.0 	 7.5699 	 1.2294 	10.3666 	 7.0472
990.0 	 6.2159 	 0.9345 	10.3417 	 7.0134
992.0 	 6.9687 	 0.6465 	10.3225 	 6.9763
994.0 	 8.2761 	 0.8817 	10.3127 	 6.9417
996.0 	 7.7134 	 0.5688 	10.3147 	 6.9139
998.0 	 7.6844 	 0.5973 	10.3294 	 6.8939
1000.0 	 9.6738 	 0.6276 	10.3568 	 6.8802
1002.0 	 8.4182 	 0.8232 	10.3963 	 6.8703
1004.0 	10.4602 	 0.5475 	10.4475 	 6.8623
1006.0 	 9.4621 	 0.5223 	10.5093 	 6.8559
1008.0 	12.8883 	 0.6516 	10.5801 	 6.8516
1010.0 	13.5401 	 0.6798 	10.6575 	 6.8505
1012.0 	 8.7433 	 0.6381 	10.7391 	 6.8536
1014.0 	 9.0756 	 0.6750 	10.8225 	 6.8627
1016.0 	 9.5052 	 0.4848 	10.9065 	 6.8801
1018.0 	 5.5751 	 0.6831 	10.9911 	 6.9089
1020.0 	10.0739 	 0.5313 	11.0771 	 6.9517
1022.0 	12.1424 	 0.4485 	11.1650 	 7.0088
1024.0 	14.9653 	 0.5826 	11.2543 	 7.0776
1026.0 	14.0218 	 0.5823 	11.3428 	 7.1529
1028.0 	 9.9753 	 0.7332 	11.4273 	 7.2280
1030.0 	 9.9151 	 0.5022 	11.5043 	 7.2973
1032.0 	 8.0346 	 0.5385 	11.5721 	 7.3574
1034.0 	 8.3452 	 0.5253 	11.6316 	 7.4072
1036.0 	 8.1052 	 0.5673 	11.6856 	 7.4475
1038.0 	 6.3493 	 0.5115 	11.7374 	 7.4797
1040.0 	 6.4197 	 0.5139 	11.7894 	 7.5049
1042.0 	 5.8045 	 0.7746 	11.8411 	 7.5239
1044.0 	 7.4185 	 0.5208 	11.8905 	 7.5377
1046.0 	 6.8352 	 0.7659 	11.9352 	 7.5481
1048.0 	 8.3156 	 0.4368 	11.9749 	 7.5582
1050.0 	12.3878 	 0.5244 	12.0120 	 7.5723
1052.0 	10.1418 	 0.4842 	12.0514 	 7.5945
1054.0 	 6.1250 	 0.5328 	12.0978 	 7.6275
1056.0 	 6.5959 	 0.5937 	12.1539 	 7.6717
1058.0 	 8.6463 	 0.5247 	12.2194 	 7.7247
1060.0 	 7.0693 	 0.5118 	12.2916 	 7.7822
1062.0 	 7.1792 	 0.5274 	12.3667 	 7.8397
1064.0 	 7.5078 	 0.4968 	12.4411 	 7.8930
1066.0 	 7.1775 	 0.5196 	12.5121 	 7.9391
1068.0 	 7.9011 	 0.5211 	12.5777 	 7.9765
1070.0 	10.0058 	 0.5241 	12.6361 	 8.0049
1072.0 	10.0852 	 0.5256 	12.6865 	 8.0253
1074.0 	 9.9773 	 0.5322 	12.7287 	 8.0393
1076.0 	 9.5269 	 0.5265 	12.7648 	 8.0497
1078.0 	 9.2671 	 0.4950 	12.7984 	 8.0597
1080.0 	 7.6411 	 0.8565 	12.8354 	 8.0726
1082.0 	 6.8079 	 0.7740 	12.8819 	 8.0912
1084.0 	 7.4986 	 0.5331 	12.9436 	 8.1174
1086.0 	 8.2860 	 0.5529 	13.0235 	 8.1521
1088.0 	 8.5090 	 0.6051 	13.1211 	 8.1955
1090.0 	 9.3253 	 0.5967 	13.2329 	 8.2477
1092.0 	 8.5675 	 0.5742 	13.3539 	 8.3089
1094.0 	 7.1163 	 0.8313 	13.4801 	 8.3802
1096.0 	 6.6650 	 0.5757 	13.6098 	 8.4625
1098.0 	 7.1328 	 0.6546 	13.7433 	 8.5561
1100.0 	 6.2720 	 1.0014 	13.8819 	 8.6595
1102.0 	 7.5237 	 0.6678 	14.0248 	 8.7695
1104.0 	 7.7685 	 0.7602 	14.1686 	 8.8809
1106.0 	 8.6902 	 1.0083 	14.3072 	 8.9882
1108.0 	 8.3360 	 1.0503 	14.4348 	 9.0873
1110.0 	10.1683 	 0.7584 	14.5480 	 9.1764
1112.0 	 9.6550 	 0.8097 	14.6469 	 9.2563
1114.0 	11.6024 	 0.9297 	14.7337 	 9.3291
1116.0 	13.2517 	 1.0404 	14.8118 	 9.3969
1118.0 	10.4524 	 0.8214 	14.8832 	 9.4610
1120.0 	 9.3958 	 0.9441 	14.9487 	 9.5215
1122.0 	10.4266 	 0.9828 	15.0076 	 9.5780
1124.0 	 8.6254 	 0.8070 	15.0580 	 9.6299
1126.0 	 8.9191 	 0.8562 	15.0976 	 9.6764
1128.0 	10.0852 	 0.6735 	15.1242 	 9.7161
1130.0 	10.1760 	 0.6789 	15.1375 	 9.7481
1132.0 	 8.6524 	 0.7218 	15.1407 	 9.7725
1134.0 	 7.1105 	 0.7362 	15.1409 	 9.7909
1136.0 	 7.0636 	 0.7452 	15.1477 	 9.8070
1138.0 	 7.8227 	 0.8259 	15.1700 	 9.8242
1140.0 	 7.9813 	 0.7068 	15.2118 	 9.8449
1142.0 	 7.9413 	 0.6486 	15.2705 	 9.8689
1144.0 	 7.7881 	 0.5796 	15.3380 	 9.8943
1146.0 	 9.1953 	 0.6120 	15.4041 	 9.9192
1148.0 	 9.8085 	 0.6381 	15.4607 	 9.9432
1150.0 	 8.5577 	 0.6360 	15.5044 	 9.9676
1152.0 	 8.0587 	 0.6546 	15.5365 	 9.9953
1154.0 	 8.9355 	 0.6468 	15.5607 	10.0289
1156.0 	 7.9826 	 0.6303 	15.5803 	10.0697
1158.0 	 9.0142 	 0.8256 	15.5975 	10.1177
1160.0 	 8.9802 	 0.6651 	15.6129 	10.1720
1162.0 	 9.9868 	 0.6534 	15.6268 	10.2317
1164.0 	 9.4750 	 0.5886 	15.6398 	10.2960
1166.0 	 9.7866 	 0.6168 	15.6523 	10.3638
1168.0 	 9.2221 	 0.5451 	15.6638 	10.4335
1170.0 	 9.5430 	 0.5565 	15.6733 	10.5027
1172.0 	 9.8128 	 0.5346 	15.6795 	10.5696
1174.0 	10.3145 	 0.5334 	15.6833 	10.6340
1176.0 	 9.8555 	 0.5610 	15.6886 	10.6982
1178.0 	 9.4809 	 0.6084 	15.7020 	10.7657
1180.0 	 9.0411 	 0.6234 	15.7310 	10.8396
1182.0 	 9.5567 	 0.5775 	15.7816 	10.9202
1184.0 	 8.9478 	 0.7116 	15.8564 	11.0046
1186.0 	 8.0892 	 0.7293 	15.9542 	11.0875
1188.0 	 7.7970 	 0.7491 	16.0708 	11.1628
1190.0 	 7.5593 	 0.7431 	16.1994 	11.2254
1192.0 	 7.5605 	 0.8337 	16.3319 	11.2714
1194.0 	 7.9744 	 1.1172 	16.4595 	11.2975
1196.0 	10.0070 	 0.6360 	16.5736 	11.2997
1198.0 	 9.2878 	 0.7029 	16.6666 	11.2740
1200.0 	 8.7430 	 0.6612 	16.7331 	11.2163
1202.0 	 8.7598 	 0.7038 	16.7694 	11.1240
1204.0 	10.1285 	 0.6423 	16.7743 	10.9972
1206.0 	 9.3528 	 0.6543 	16.7485 	10.8402
1208.0 	 8.7972 	 0.6780 	16.6954 	10.6606
1210.0 	 8.6764 	 0.5718 	16.6207 	10.4696
1212.0 	 9.2539 	 0.5568 	16.5332 	10.2794
1214.0 	10.2811 	 0.5781 	16.4423 	10.1011
1216.0 	 9.7695 	 0.5766 	16.3571 	 9.9425
1218.0 	 9.6453 	 0.6081 	16.2835 	 9.8063
1220.0 	 9.4940 	 0.5991 	16.2232 	 9.6911
1222.0 	 9.5396 	 0.5721 	16.1744 	 9.5926
1224.0 	 9.5258 	 0.5808 	16.1333 	 9.5065
1226.0 	 9.4791 	 0.6450 	16.0968 	 9.4309
1228.0 	 9.6335 	 0.6588 	16.0638 	 9.3666
1230.0 	 9.7944 	 0.6234 	16.0361 	 9.3163
1232.0 	 9.7680 	 0.6006 	16.0169 	 9.2828
1234.0 	 9.6864 	 0.5961 	16.0094 	 9.2674
1236.0 	 9.6011 	 0.5481 	16.0156 	 9.2690
1238.0 	 9.6230 	 0.5184 	16.0346 	 9.2837
1240.0 	10.6050 	 0.5112 	16.0630 	 9.3056
1242.0 	10.7510 	 0.5112 	16.0944 	 9.3276
1244.0 	11.1004 	 0.5298 	16.1216 	 9.3424
1246.0 	12.1626 	 0.5256 	16.1374 	 9.3433
1248.0 	11.6186 	 0.5907 	16.1367 	 9.3259
1250.0 	11.4606 	 0.5916 	16.1180 	 9.2886
1252.0 	11.0174 	 0.5898 	16.0827 	 9.2332
1254.0 	11.3931 	 0.5811 	16.0347 	 9.1641
1256.0 	10.8610 	 0.5844 	15.9782 	 9.0871
1258.0 	 9.8571 	 0.5508 	15.9174 	 9.0071
1260.0 	10.2680 	 0.5382 	15.8547 	 8.9280
1262.0 	10.7355 	 0.5241 	15.7919 	 8.8513
1264.0 	11.3607 	 0.5259 	15.7308 	 8.7778
1266.0 	11.7018 	 0.5337 	15.6739 	 8.7072
1268.0 	11.1229 	 0.4857 	15.6249 	 8.6397
1270.0 	11.3713 	 0.5088 	15.5877 	 8.5754
1272.0 	11.0878 	 0.5301 	15.5643 	 8.5143
1274.0 	10.8949 	 0.5373 	15.5536 	 8.4553
1276.0 	11.4792 	 0.5964 	15.5494 	 8.3959
1278.0 	12.1094 	 0.6312 	15.5425 	 8.3327
1280.0 	12.1149 	 0.6324 	15.5226 	 8.2625
1282.0 	11.3781 	 0.6585 	15.4825 	 8.1838
1284.0 	12.6473 	 0.5871 	15.4214 	 8.0983
1286.0 	11.5872 	 0.5706 	15.3452 	 8.0117
1288.0 	12.2646 	 0.5490 	15.2660 	 7.9327
1290.0 	11.7021 	 0.5637 	15.1976 	 7.8711
1292.0 	11.7285 	 0.5568 	15.1519 	 7.8351
1294.0 	10.8428 	 0.5475 	15.1350 	 7.8293
1296.0 	11.0202 	 0.6045 	15.1462 	 7.8530
1298.0 	11.3108 	 0.6426 	15.1783 	 7.9011
1300.0 	11.6928 	 0.5856 	15.2214 	 7.9653
1302.0 	10.9697 	 0.5418 	15.2657 	 8.0364
1304.0 	11.2360 	 0.5862 	15.3043 	 8.1065
1306.0 	11.6144 	 0.5658 	15.3346 	 8.1700
1308.0 	11.8930 	 0.5535 	15.3580 	 8.2242
1310.0 	11.7537 	 0.5469 	15.3787 	 8.2685
1312.0 	11.1618 	 0.5088 	15.4012 	 8.3041
1314.0 	10.2882 	 0.5277 	15.4292 	 8.3327
1316.0 	 9.9166 	 0.5328 	15.4637 	 8.3561
1318.0 	10.4400 	 0.5304 	15.5036 	 8.3757
1320.0 	10.6182 	 0.5937 	15.5458 	 8.3926
1322.0 	10.9675 	 0.6066 	15.5871 	 8.4077
1324.0 	11.3891 	 0.5856 	15.6247 	 8.4217
1326.0 	11.2356 	 0.6063 	15.6577 	 8.4352
1328.0 	11.2370 	 0.6060 	15.6870 	 8.4495
1330.0 	10.9938 	 0.5946 	15.7148 	 8.4656
1332.0 	11.4770 	 0.5430 	15.7436 	 8.4844
1334.0 	11.8076 	 0.5307 	15.7759 	 8.5064
1336.0 	12.5558 	 0.5394 	15.8127 	 8.5313
1338.0 	12.9273 	 0.5604 	15.8536 	 8.5579
1340.0 	13.7950 	 0.5247 	15.8964 	 8.5848
1342.0 	13.2756 	 0.4944 	15.9377 	 8.6103
1344.0 	13.8288 	 0.5166 	15.9736 	 8.6326
1346.0 	13.7270 	 0.5217 	16.0003 	 8.6502
1348.0 	11.7923 	 0.5595 	16.0153 	 8.6623
1350.0 	11.3238 	 0.5598 	16.0168 	 8.6686
1352.0 	10.7536 	 0.5244 	16.0040 	 8.6700
1354.0 	10.6580 	 0.5256 	15.9768 	 8.6679
1356.0 	11.1670 	 0.4980 	15.9348 	 8.6640
1358.0 	10.8924 	 0.5475 	15.8786 	 8.6589
1360.0 	10.9594 	 0.4854 	15.8099 	 8.6531
1362.0 	11.5359 	 0.5070 	15.7319 	 8.6466
1364.0 	11.4151 	 0.5259 	15.6502 	 8.6398
1366.0 	12.0218 	 0.5253 	15.5711 	 8.6340
1368.0 	11.8057 	 0.6303 	15.5012 	 8.6311
1370.0 	11.3754 	 0.6183 	15.4455 	 8.6332
1372.0 	10.9402 	 0.6297 	15.4072 	 8.6418
1374.0 	10.6050 	 0.6060 	15.3862 	 8.6577
1376.0 	11.0038 	 0.6138 	15.3799 	 8.6814
1378.0 	10.8209 	 0.6207 	15.3831 	 8.7135
1380.0 	10.5919 	 0.5913 	15.3882 	 8.7541
1382.0 	10.7066 	 0.5484 	15.3864 	 8.8014
1384.0 	10.3693 	 0.5316 	15.3690 	 8.8509
1386.0 	10.6037 	 0.5421 	15.3291 	 8.8954
1388.0 	10.1537 	 0.5547 	15.2640 	 8.9266
1390.0 	10.4402 	 0.5544 	15.1761 	 8.9383
1392.0 	 9.9145 	 0.5136 	15.0721 	 8.9285
1394.0 	 9.3798 	 0.5748 	14.9611 	 8.9000
1396.0 	 9.9071 	 0.5538 	14.8516 	 8.8586
1398.0 	 9.5545 	 0.5769 	14.4987 	 8.8574
1400.0 	 9.2519 	 0.5853 	14.3873 	 8.9543
1402.0 	 9.4567 	 0.5874 	14.3482 	 8.8532
1404.0 	10.3162 	 0.5694 	13.9821 	 8.9575
1406.0 	10.2950 	 0.5670 	13.8643 	 8.8525
1408.0 	 9.7031 	 0.5781 	13.2983 	 8.8537
1410.0 	 8.8752 	 0.5742 	12.8987 	 8.9579
1412.0 	 9.0138 	 0.5682 	12.7592 	 8.8583
1414.0 	 9.2972 	 0.5676 	12.6421 	 8.8573
1416.0 	 9.3133 	 0.5529 	12.5823 	 8.9557
1418.0 	 8.5953 	 0.5466 	12.4843 	 8.8544
1420.0 	 8.1552 	 0.5418 	12.3568 	 8.7575
1422.0 	 8.1104 	 0.5568 	12.2093 	 8.7543
1424.0 	 7.9576 	 0.5607 	12.0098 	 8.8523
1426.0 	 7.3184 	 0.5787 	11.9821 	 8.9528
1428.0 	 6.8961 	 0.5601 	11.6872 	 8.8517
1430.0 	 6.7449 	 0.5601 	11.5267 	 8.9575
1432.0 	 6.8909 	 0.5772 	11.2082 	 8.7523
1434.0 	 6.3639 	 0.5340 	10.9872 	 8.7572
1436.0 	 6.2020 	 0.5514 	10.8245 	 8.9562
1438.0 	 5.8477 	 0.5538 	10.3987 	 8.5595
1440.0 	 4.3857 	 0.5531	 	 9.9722 	 8.6561
